(kicad_pcb (version 20171130) (host pcbnew "(5.0.0-rc2-35-gda6600525)")

  (general
    (thickness 1.6)
    (drawings 24)
    (tracks 913)
    (zones 0)
    (modules 20)
    (nets 114)
  )

  (page A4)
  (layers
    (0 F.Cu signal)
    (31 B.Cu signal)
    (32 B.Adhes user)
    (33 F.Adhes user)
    (34 B.Paste user)
    (35 F.Paste user)
    (36 B.SilkS user)
    (37 F.SilkS user)
    (38 B.Mask user)
    (39 F.Mask user)
    (40 Dwgs.User user)
    (41 Cmts.User user)
    (42 Eco1.User user)
    (43 Eco2.User user)
    (44 Edge.Cuts user)
    (45 Margin user)
    (46 B.CrtYd user)
    (47 F.CrtYd user)
    (48 B.Fab user hide)
    (49 F.Fab user hide)
  )

  (setup
    (last_trace_width 0.1778)
    (trace_clearance 0.1778)
    (zone_clearance 0.3)
    (zone_45_only no)
    (trace_min 0.1778)
    (segment_width 0.2)
    (edge_width 0.15)
    (via_size 0.8)
    (via_drill 0.4)
    (via_min_size 0.4)
    (via_min_drill 0.3)
    (uvia_size 0.3)
    (uvia_drill 0.1)
    (uvias_allowed no)
    (uvia_min_size 0.2)
    (uvia_min_drill 0.1)
    (pcb_text_width 0.3)
    (pcb_text_size 1.5 1.5)
    (mod_edge_width 0.15)
    (mod_text_size 1 1)
    (mod_text_width 0.15)
    (pad_size 1.524 1.524)
    (pad_drill 0.762)
    (pad_to_mask_clearance 0.2)
    (aux_axis_origin 0 0)
    (visible_elements 7FFFFFFF)
    (pcbplotparams
      (layerselection 0x010f0_ffffffff)
      (usegerberextensions true)
      (usegerberattributes false)
      (usegerberadvancedattributes false)
      (creategerberjobfile false)
      (excludeedgelayer true)
      (linewidth 0.100000)
      (plotframeref false)
      (viasonmask false)
      (mode 1)
      (useauxorigin false)
      (hpglpennumber 1)
      (hpglpenspeed 20)
      (hpglpendiameter 15.000000)
      (psnegative false)
      (psa4output false)
      (plotreference true)
      (plotvalue true)
      (plotinvisibletext false)
      (padsonsilk false)
      (subtractmaskfromsilk false)
      (outputformat 1)
      (mirror false)
      (drillshape 0)
      (scaleselection 1)
      (outputdirectory gerbers/))
  )

  (net 0 "")
  (net 1 GNDREF)
  (net 2 +5V)
  (net 3 /SYNC)
  (net 4 /OSC)
  (net 5 /DATA)
  (net 6 /~WR)
  (net 7 /~RD)
  (net 8 /~CS)
  (net 9 VCC)
  (net 10 /ROW29)
  (net 11 /ROW28)
  (net 12 /ROW31)
  (net 13 /ROW30)
  (net 14 /ROW29')
  (net 15 /ROW30')
  (net 16 /ROW28')
  (net 17 /ROW31')
  (net 18 /ROW27')
  (net 19 /ROW24')
  (net 20 /ROW26')
  (net 21 /ROW25')
  (net 22 /ROW26)
  (net 23 /ROW27)
  (net 24 /ROW24)
  (net 25 /ROW25)
  (net 26 /ROW21)
  (net 27 /ROW20)
  (net 28 /ROW23)
  (net 29 /ROW22)
  (net 30 /ROW21')
  (net 31 /ROW22')
  (net 32 /ROW20')
  (net 33 /ROW23')
  (net 34 /ROW19')
  (net 35 /ROW16')
  (net 36 /ROW18')
  (net 37 /ROW17')
  (net 38 /ROW18)
  (net 39 /ROW19)
  (net 40 /ROW16)
  (net 41 /ROW17)
  (net 42 /ROW13)
  (net 43 /ROW12)
  (net 44 /ROW15)
  (net 45 /ROW14)
  (net 46 /ROW13')
  (net 47 /ROW14')
  (net 48 /ROW12')
  (net 49 /ROW15')
  (net 50 /ROW11')
  (net 51 /ROW8')
  (net 52 /ROW10')
  (net 53 /ROW9')
  (net 54 /ROW10)
  (net 55 /ROW11)
  (net 56 /ROW8)
  (net 57 /ROW9)
  (net 58 /ROW5)
  (net 59 /ROW4)
  (net 60 /ROW7)
  (net 61 /ROW6)
  (net 62 /ROW5')
  (net 63 /ROW6')
  (net 64 /ROW4')
  (net 65 /ROW7')
  (net 66 /ROW3')
  (net 67 /ROW0')
  (net 68 /ROW2')
  (net 69 /ROW1')
  (net 70 /ROW2)
  (net 71 /ROW3)
  (net 72 /ROW0)
  (net 73 /ROW1)
  (net 74 /COL0)
  (net 75 "Net-(U1-Pad5)")
  (net 76 /COL1)
  (net 77 "Net-(U1-Pad6)")
  (net 78 /COL2)
  (net 79 "Net-(U1-Pad7)")
  (net 80 /COL3)
  (net 81 "Net-(U1-Pad8)")
  (net 82 /COL4)
  (net 83 "Net-(U1-Pad9)")
  (net 84 /COL5)
  (net 85 "Net-(U1-Pad10)")
  (net 86 /COL6)
  (net 87 "Net-(U1-Pad11)")
  (net 88 /COL7)
  (net 89 "Net-(U1-Pad12)")
  (net 90 "Net-(U2-Pad12)")
  (net 91 "Net-(U2-Pad11)")
  (net 92 "Net-(U2-Pad10)")
  (net 93 "Net-(U2-Pad9)")
  (net 94 "Net-(U2-Pad8)")
  (net 95 "Net-(U2-Pad7)")
  (net 96 "Net-(U2-Pad6)")
  (net 97 "Net-(U2-Pad5)")
  (net 98 "Net-(U3-Pad5)")
  (net 99 "Net-(U3-Pad6)")
  (net 100 "Net-(U3-Pad7)")
  (net 101 "Net-(U3-Pad8)")
  (net 102 "Net-(U3-Pad9)")
  (net 103 "Net-(U3-Pad10)")
  (net 104 "Net-(U3-Pad11)")
  (net 105 "Net-(U3-Pad12)")
  (net 106 "Net-(U4-Pad12)")
  (net 107 "Net-(U4-Pad11)")
  (net 108 "Net-(U4-Pad10)")
  (net 109 "Net-(U4-Pad9)")
  (net 110 "Net-(U4-Pad8)")
  (net 111 "Net-(U4-Pad7)")
  (net 112 "Net-(U4-Pad6)")
  (net 113 "Net-(U4-Pad5)")

  (net_class Default "This is the default net class."
    (clearance 0.1778)
    (trace_width 0.1778)
    (via_dia 0.8)
    (via_drill 0.4)
    (uvia_dia 0.3)
    (uvia_drill 0.1)
    (add_net /COL0)
    (add_net /COL1)
    (add_net /COL2)
    (add_net /COL3)
    (add_net /COL4)
    (add_net /COL5)
    (add_net /COL6)
    (add_net /COL7)
    (add_net /DATA)
    (add_net /OSC)
    (add_net /ROW0)
    (add_net /ROW0')
    (add_net /ROW1)
    (add_net /ROW1')
    (add_net /ROW10)
    (add_net /ROW10')
    (add_net /ROW11)
    (add_net /ROW11')
    (add_net /ROW12)
    (add_net /ROW12')
    (add_net /ROW13)
    (add_net /ROW13')
    (add_net /ROW14)
    (add_net /ROW14')
    (add_net /ROW15)
    (add_net /ROW15')
    (add_net /ROW16)
    (add_net /ROW16')
    (add_net /ROW17)
    (add_net /ROW17')
    (add_net /ROW18)
    (add_net /ROW18')
    (add_net /ROW19)
    (add_net /ROW19')
    (add_net /ROW2)
    (add_net /ROW2')
    (add_net /ROW20)
    (add_net /ROW20')
    (add_net /ROW21)
    (add_net /ROW21')
    (add_net /ROW22)
    (add_net /ROW22')
    (add_net /ROW23)
    (add_net /ROW23')
    (add_net /ROW24)
    (add_net /ROW24')
    (add_net /ROW25)
    (add_net /ROW25')
    (add_net /ROW26)
    (add_net /ROW26')
    (add_net /ROW27)
    (add_net /ROW27')
    (add_net /ROW28)
    (add_net /ROW28')
    (add_net /ROW29)
    (add_net /ROW29')
    (add_net /ROW3)
    (add_net /ROW3')
    (add_net /ROW30)
    (add_net /ROW30')
    (add_net /ROW31)
    (add_net /ROW31')
    (add_net /ROW4)
    (add_net /ROW4')
    (add_net /ROW5)
    (add_net /ROW5')
    (add_net /ROW6)
    (add_net /ROW6')
    (add_net /ROW7)
    (add_net /ROW7')
    (add_net /ROW8)
    (add_net /ROW8')
    (add_net /ROW9)
    (add_net /ROW9')
    (add_net /SYNC)
    (add_net /~CS)
    (add_net /~RD)
    (add_net /~WR)
    (add_net "Net-(U1-Pad10)")
    (add_net "Net-(U1-Pad11)")
    (add_net "Net-(U1-Pad12)")
    (add_net "Net-(U1-Pad5)")
    (add_net "Net-(U1-Pad6)")
    (add_net "Net-(U1-Pad7)")
    (add_net "Net-(U1-Pad8)")
    (add_net "Net-(U1-Pad9)")
    (add_net "Net-(U2-Pad10)")
    (add_net "Net-(U2-Pad11)")
    (add_net "Net-(U2-Pad12)")
    (add_net "Net-(U2-Pad5)")
    (add_net "Net-(U2-Pad6)")
    (add_net "Net-(U2-Pad7)")
    (add_net "Net-(U2-Pad8)")
    (add_net "Net-(U2-Pad9)")
    (add_net "Net-(U3-Pad10)")
    (add_net "Net-(U3-Pad11)")
    (add_net "Net-(U3-Pad12)")
    (add_net "Net-(U3-Pad5)")
    (add_net "Net-(U3-Pad6)")
    (add_net "Net-(U3-Pad7)")
    (add_net "Net-(U3-Pad8)")
    (add_net "Net-(U3-Pad9)")
    (add_net "Net-(U4-Pad10)")
    (add_net "Net-(U4-Pad11)")
    (add_net "Net-(U4-Pad12)")
    (add_net "Net-(U4-Pad5)")
    (add_net "Net-(U4-Pad6)")
    (add_net "Net-(U4-Pad7)")
    (add_net "Net-(U4-Pad8)")
    (add_net "Net-(U4-Pad9)")
  )

  (net_class Power ""
    (clearance 0.1778)
    (trace_width 0.3)
    (via_dia 1)
    (via_drill 0.6)
    (uvia_dia 0.3)
    (uvia_drill 0.1)
    (add_net +5V)
    (add_net GNDREF)
    (add_net VCC)
  )

  (module lmarv:1588ABEG (layer F.Cu) (tedit 5B390901) (tstamp 5B39217A)
    (at 63.97 79.9)
    (path /5B5B444E)
    (fp_text reference U2 (at -15.64 16.41 90) (layer F.SilkS)
      (effects (font (size 1 1) (thickness 0.15)))
    )
    (fp_text value 1588ABEG (at 0 0) (layer F.Fab)
      (effects (font (size 1 1) (thickness 0.15)))
    )
    (fp_line (start -19 19) (end 19 19) (layer F.SilkS) (width 0.15))
    (fp_line (start 19 19) (end 19 -19) (layer F.SilkS) (width 0.15))
    (fp_line (start 19 -19) (end -19 -19) (layer F.SilkS) (width 0.15))
    (fp_line (start -19 -19) (end -19 19) (layer F.SilkS) (width 0.15))
    (fp_line (start -19 -19) (end 19 -19) (layer F.CrtYd) (width 0.05))
    (fp_line (start 19 -19) (end 19 19) (layer F.CrtYd) (width 0.05))
    (fp_line (start 19 19) (end -19 19) (layer F.CrtYd) (width 0.05))
    (fp_line (start -19 19) (end -19 -19) (layer F.CrtYd) (width 0.05))
    (fp_circle (center -19.8 19.7) (end -19.62 19.7) (layer F.SilkS) (width 0.4))
    (fp_circle (center -15.6 15.9) (end -15.42 15.9) (layer F.Fab) (width 0.4))
    (fp_line (start -19 -19) (end -19 19) (layer F.Fab) (width 0.15))
    (fp_line (start -19 19) (end 19 19) (layer F.Fab) (width 0.15))
    (fp_line (start 19 19) (end 19 -19) (layer F.Fab) (width 0.15))
    (fp_line (start 19 -19) (end -19 -19) (layer F.Fab) (width 0.15))
    (fp_text user REF** (at 0.5 1.9) (layer F.Fab)
      (effects (font (size 1 1) (thickness 0.15)))
    )
    (pad 24 thru_hole oval (at -13.97 -14.1) (size 1.2 2) (drill 0.7) (layers *.Cu *.Mask)
      (net 33 /ROW23'))
    (pad 1 thru_hole oval (at -13.97 14.1) (size 1.2 2) (drill 0.7) (layers *.Cu *.Mask)
      (net 35 /ROW16'))
    (pad 23 thru_hole oval (at -11.43 -14.1) (size 1.2 2) (drill 0.7) (layers *.Cu *.Mask)
      (net 31 /ROW22'))
    (pad 2 thru_hole oval (at -11.43 14.1) (size 1.2 2) (drill 0.7) (layers *.Cu *.Mask)
      (net 37 /ROW17'))
    (pad 22 thru_hole oval (at -8.89 -14.1) (size 1.2 2) (drill 0.7) (layers *.Cu *.Mask)
      (net 30 /ROW21'))
    (pad 3 thru_hole oval (at -8.89 14.1) (size 1.2 2) (drill 0.7) (layers *.Cu *.Mask)
      (net 36 /ROW18'))
    (pad 21 thru_hole oval (at -6.35 -14.1) (size 1.2 2) (drill 0.7) (layers *.Cu *.Mask)
      (net 32 /ROW20'))
    (pad 4 thru_hole oval (at -6.35 14.1) (size 1.2 2) (drill 0.7) (layers *.Cu *.Mask)
      (net 34 /ROW19'))
    (pad 20 thru_hole oval (at -3.81 -14.1) (size 1.2 2) (drill 0.7) (layers *.Cu *.Mask)
      (net 74 /COL0))
    (pad 5 thru_hole oval (at -3.81 14.1) (size 1.2 2) (drill 0.7) (layers *.Cu *.Mask)
      (net 97 "Net-(U2-Pad5)"))
    (pad 19 thru_hole oval (at -1.27 -14.1) (size 1.2 2) (drill 0.7) (layers *.Cu *.Mask)
      (net 76 /COL1))
    (pad 6 thru_hole oval (at -1.27 14.1) (size 1.2 2) (drill 0.7) (layers *.Cu *.Mask)
      (net 96 "Net-(U2-Pad6)"))
    (pad 18 thru_hole oval (at 1.27 -14.1) (size 1.2 2) (drill 0.7) (layers *.Cu *.Mask)
      (net 78 /COL2))
    (pad 7 thru_hole oval (at 1.27 14.1) (size 1.2 2) (drill 0.7) (layers *.Cu *.Mask)
      (net 95 "Net-(U2-Pad7)"))
    (pad 17 thru_hole oval (at 3.81 -14.1) (size 1.2 2) (drill 0.7) (layers *.Cu *.Mask)
      (net 80 /COL3))
    (pad 8 thru_hole oval (at 3.81 14.1) (size 1.2 2) (drill 0.7) (layers *.Cu *.Mask)
      (net 94 "Net-(U2-Pad8)"))
    (pad 16 thru_hole oval (at 6.35 -14.1) (size 1.2 2) (drill 0.7) (layers *.Cu *.Mask)
      (net 82 /COL4))
    (pad 9 thru_hole oval (at 6.35 14.1) (size 1.2 2) (drill 0.7) (layers *.Cu *.Mask)
      (net 93 "Net-(U2-Pad9)"))
    (pad 15 thru_hole oval (at 8.89 -14.1) (size 1.2 2) (drill 0.7) (layers *.Cu *.Mask)
      (net 84 /COL5))
    (pad 10 thru_hole oval (at 8.89 14.1) (size 1.2 2) (drill 0.7) (layers *.Cu *.Mask)
      (net 92 "Net-(U2-Pad10)"))
    (pad 14 thru_hole oval (at 11.43 -14.1) (size 1.2 2) (drill 0.7) (layers *.Cu *.Mask)
      (net 86 /COL6))
    (pad 11 thru_hole oval (at 11.43 14.1) (size 1.2 2) (drill 0.7) (layers *.Cu *.Mask)
      (net 91 "Net-(U2-Pad11)"))
    (pad 13 thru_hole oval (at 13.97 -14.1) (size 1.2 2) (drill 0.7) (layers *.Cu *.Mask)
      (net 88 /COL7))
    (pad 12 thru_hole oval (at 13.97 14.1) (size 1.2 2) (drill 0.7) (layers *.Cu *.Mask)
      (net 90 "Net-(U2-Pad12)"))
  )

  (module Mounting_Holes:MountingHole_3.2mm_M3 (layer F.Cu) (tedit 5B3917EC) (tstamp 5B393E8F)
    (at 78 157)
    (descr "Mounting Hole 3.2mm, no annular, M3")
    (tags "mounting hole 3.2mm no annular m3")
    (attr virtual)
    (fp_text reference REF** (at 0 -4.2) (layer F.SilkS) hide
      (effects (font (size 1 1) (thickness 0.15)))
    )
    (fp_text value MountingHole_3.2mm_M3 (at 0 4.2) (layer F.Fab)
      (effects (font (size 1 1) (thickness 0.15)))
    )
    (fp_text user %R (at 0.3 0) (layer F.Fab)
      (effects (font (size 1 1) (thickness 0.15)))
    )
    (fp_circle (center 0 0) (end 3.2 0) (layer Cmts.User) (width 0.15))
    (fp_circle (center 0 0) (end 3.45 0) (layer F.CrtYd) (width 0.05))
    (pad 1 np_thru_hole circle (at 0 0) (size 3.2 3.2) (drill 3.2) (layers *.Cu *.Mask))
  )

  (module Mounting_Holes:MountingHole_3.2mm_M3 (layer F.Cu) (tedit 5B3917F1) (tstamp 5B393E88)
    (at 50 157)
    (descr "Mounting Hole 3.2mm, no annular, M3")
    (tags "mounting hole 3.2mm no annular m3")
    (attr virtual)
    (fp_text reference REF** (at 0 -4.2) (layer F.SilkS) hide
      (effects (font (size 1 1) (thickness 0.15)))
    )
    (fp_text value MountingHole_3.2mm_M3 (at 0 4.2) (layer F.Fab)
      (effects (font (size 1 1) (thickness 0.15)))
    )
    (fp_circle (center 0 0) (end 3.45 0) (layer F.CrtYd) (width 0.05))
    (fp_circle (center 0 0) (end 3.2 0) (layer Cmts.User) (width 0.15))
    (fp_text user %R (at 0.3 0) (layer F.Fab)
      (effects (font (size 1 1) (thickness 0.15)))
    )
    (pad 1 np_thru_hole circle (at 0 0) (size 3.2 3.2) (drill 3.2) (layers *.Cu *.Mask))
  )

  (module Mounting_Holes:MountingHole_3.2mm_M3 (layer F.Cu) (tedit 5B3917F8) (tstamp 5B393E5B)
    (at 78 42)
    (descr "Mounting Hole 3.2mm, no annular, M3")
    (tags "mounting hole 3.2mm no annular m3")
    (attr virtual)
    (fp_text reference REF** (at 0 -4.2) (layer F.SilkS) hide
      (effects (font (size 1 1) (thickness 0.15)))
    )
    (fp_text value MountingHole_3.2mm_M3 (at 0 4.2) (layer F.Fab)
      (effects (font (size 1 1) (thickness 0.15)))
    )
    (fp_circle (center 0 0) (end 3.45 0) (layer F.CrtYd) (width 0.05))
    (fp_circle (center 0 0) (end 3.2 0) (layer Cmts.User) (width 0.15))
    (fp_text user %R (at 0.3 0) (layer F.Fab)
      (effects (font (size 1 1) (thickness 0.15)))
    )
    (pad 1 np_thru_hole circle (at 0 0) (size 3.2 3.2) (drill 3.2) (layers *.Cu *.Mask))
  )

  (module Connectors_Samtec:SL-102-X-XX_1x02 (layer B.Cu) (tedit 590274D5) (tstamp 5B390C49)
    (at 76.5 69 270)
    (descr "Low profile, screw machine socket strip, through hole, 100mil / 2.54mm pitch")
    (tags "samtec socket strip tht single")
    (path /5B4A160D)
    (fp_text reference J1 (at 2.63 -3.85 180) (layer B.SilkS)
      (effects (font (size 1 1) (thickness 0.15)) (justify mirror))
    )
    (fp_text value Conn_01x02 (at 2.27 -1.27 180) (layer B.Fab)
      (effects (font (size 1 1) (thickness 0.15)) (justify mirror))
    )
    (fp_text user %R (at 0 -1.27 180) (layer B.Fab)
      (effects (font (size 1 1) (thickness 0.15)) (justify mirror))
    )
    (fp_line (start 1.27 -3.81) (end 1.07 -3.81) (layer B.Fab) (width 0.1))
    (fp_line (start -1.27 -3.81) (end -1.07 -3.81) (layer B.Fab) (width 0.1))
    (fp_line (start 1.27 -1.27) (end 1.07 -1.27) (layer B.Fab) (width 0.1))
    (fp_line (start -1.27 -1.27) (end -1.07 -1.27) (layer B.Fab) (width 0.1))
    (fp_line (start 1.77 1.77) (end -1.77 1.77) (layer B.CrtYd) (width 0.05))
    (fp_line (start 1.77 -4.31) (end 1.77 1.77) (layer B.CrtYd) (width 0.05))
    (fp_line (start -1.77 -4.31) (end 1.77 -4.31) (layer B.CrtYd) (width 0.05))
    (fp_line (start -1.77 1.77) (end -1.77 -4.31) (layer B.CrtYd) (width 0.05))
    (fp_line (start 1.27 1.27) (end -1.27 1.27) (layer B.Fab) (width 0.1))
    (fp_line (start 1.27 -3.81) (end 1.27 1.27) (layer B.Fab) (width 0.1))
    (fp_line (start -1.27 -3.81) (end 1.27 -3.81) (layer B.Fab) (width 0.1))
    (fp_line (start -1.27 1.27) (end -1.27 -3.81) (layer B.Fab) (width 0.1))
    (fp_line (start -1.67 1.67) (end -1.67 0.27) (layer B.Fab) (width 0.1))
    (fp_line (start -0.27 1.67) (end -1.67 1.67) (layer B.Fab) (width 0.1))
    (fp_line (start -1.67 1.67) (end -1.67 0.27) (layer B.SilkS) (width 0.12))
    (fp_line (start -0.27 1.67) (end -1.67 1.67) (layer B.SilkS) (width 0.12))
    (fp_line (start -1.42 -3.96) (end -1.42 0.17) (layer B.SilkS) (width 0.12))
    (fp_line (start 1.42 -3.96) (end -1.42 -3.96) (layer B.SilkS) (width 0.12))
    (fp_line (start 1.42 1.42) (end 1.42 -3.96) (layer B.SilkS) (width 0.12))
    (fp_line (start -0.17 1.42) (end 1.42 1.42) (layer B.SilkS) (width 0.12))
    (pad 2 thru_hole circle (at 0 -2.54 270) (size 2 2) (drill 0.95) (layers *.Cu *.Mask)
      (net 1 GNDREF))
    (pad 1 thru_hole rect (at 0 0 270) (size 2 2) (drill 0.95) (layers *.Cu *.Mask)
      (net 2 +5V))
    (model ${KISYS3DMOD}/Connectors_Samtec.3dshapes/SL-102-X-XX_1x02.wrl
      (at (xyz 0 0 0))
      (scale (xyz 1 1 1))
      (rotate (xyz 0 0 0))
    )
  )

  (module Connectors_Samtec:SL-108-X-XX_1x08 (layer B.Cu) (tedit 590274D5) (tstamp 5B390C76)
    (at 48 71.22 180)
    (descr "Low profile, screw machine socket strip, through hole, 100mil / 2.54mm pitch")
    (tags "samtec socket strip tht single")
    (path /5B47F1FC)
    (fp_text reference J2 (at -2.43 -17.84 90) (layer B.SilkS)
      (effects (font (size 1 1) (thickness 0.15)) (justify mirror))
    )
    (fp_text value Conn_01x08 (at 2.27 -8.89 90) (layer B.Fab)
      (effects (font (size 1 1) (thickness 0.15)) (justify mirror))
    )
    (fp_text user %R (at 0 -8.89 90) (layer B.Fab)
      (effects (font (size 1 1) (thickness 0.15)) (justify mirror))
    )
    (fp_line (start 1.27 -19.05) (end 1.07 -19.05) (layer B.Fab) (width 0.1))
    (fp_line (start -1.27 -19.05) (end -1.07 -19.05) (layer B.Fab) (width 0.1))
    (fp_line (start 1.27 -16.51) (end 1.07 -16.51) (layer B.Fab) (width 0.1))
    (fp_line (start -1.27 -16.51) (end -1.07 -16.51) (layer B.Fab) (width 0.1))
    (fp_line (start 1.27 -13.97) (end 1.07 -13.97) (layer B.Fab) (width 0.1))
    (fp_line (start -1.27 -13.97) (end -1.07 -13.97) (layer B.Fab) (width 0.1))
    (fp_line (start 1.27 -11.43) (end 1.07 -11.43) (layer B.Fab) (width 0.1))
    (fp_line (start -1.27 -11.43) (end -1.07 -11.43) (layer B.Fab) (width 0.1))
    (fp_line (start 1.27 -8.89) (end 1.07 -8.89) (layer B.Fab) (width 0.1))
    (fp_line (start -1.27 -8.89) (end -1.07 -8.89) (layer B.Fab) (width 0.1))
    (fp_line (start 1.27 -6.35) (end 1.07 -6.35) (layer B.Fab) (width 0.1))
    (fp_line (start -1.27 -6.35) (end -1.07 -6.35) (layer B.Fab) (width 0.1))
    (fp_line (start 1.27 -3.81) (end 1.07 -3.81) (layer B.Fab) (width 0.1))
    (fp_line (start -1.27 -3.81) (end -1.07 -3.81) (layer B.Fab) (width 0.1))
    (fp_line (start 1.27 -1.27) (end 1.07 -1.27) (layer B.Fab) (width 0.1))
    (fp_line (start -1.27 -1.27) (end -1.07 -1.27) (layer B.Fab) (width 0.1))
    (fp_line (start 1.77 1.77) (end -1.77 1.77) (layer B.CrtYd) (width 0.05))
    (fp_line (start 1.77 -19.55) (end 1.77 1.77) (layer B.CrtYd) (width 0.05))
    (fp_line (start -1.77 -19.55) (end 1.77 -19.55) (layer B.CrtYd) (width 0.05))
    (fp_line (start -1.77 1.77) (end -1.77 -19.55) (layer B.CrtYd) (width 0.05))
    (fp_line (start 1.27 1.27) (end -1.27 1.27) (layer B.Fab) (width 0.1))
    (fp_line (start 1.27 -19.05) (end 1.27 1.27) (layer B.Fab) (width 0.1))
    (fp_line (start -1.27 -19.05) (end 1.27 -19.05) (layer B.Fab) (width 0.1))
    (fp_line (start -1.27 1.27) (end -1.27 -19.05) (layer B.Fab) (width 0.1))
    (fp_line (start -1.67 1.67) (end -1.67 0.27) (layer B.Fab) (width 0.1))
    (fp_line (start -0.27 1.67) (end -1.67 1.67) (layer B.Fab) (width 0.1))
    (fp_line (start -1.67 1.67) (end -1.67 0.27) (layer B.SilkS) (width 0.12))
    (fp_line (start -0.27 1.67) (end -1.67 1.67) (layer B.SilkS) (width 0.12))
    (fp_line (start -1.42 -19.2) (end -1.42 0.17) (layer B.SilkS) (width 0.12))
    (fp_line (start 1.42 -19.2) (end -1.42 -19.2) (layer B.SilkS) (width 0.12))
    (fp_line (start 1.42 1.42) (end 1.42 -19.2) (layer B.SilkS) (width 0.12))
    (fp_line (start -0.17 1.42) (end 1.42 1.42) (layer B.SilkS) (width 0.12))
    (pad 8 thru_hole circle (at 0 -17.78 180) (size 2 2) (drill 0.95) (layers *.Cu *.Mask)
      (net 4 /OSC))
    (pad 7 thru_hole circle (at 0 -15.24 180) (size 2 2) (drill 0.95) (layers *.Cu *.Mask)
      (net 5 /DATA))
    (pad 6 thru_hole circle (at 0 -12.7 180) (size 2 2) (drill 0.95) (layers *.Cu *.Mask)
      (net 6 /~WR))
    (pad 5 thru_hole circle (at 0 -10.16 180) (size 2 2) (drill 0.95) (layers *.Cu *.Mask)
      (net 7 /~RD))
    (pad 4 thru_hole circle (at 0 -7.62 180) (size 2 2) (drill 0.95) (layers *.Cu *.Mask)
      (net 8 /~CS))
    (pad 3 thru_hole circle (at 0 -5.08 180) (size 2 2) (drill 0.95) (layers *.Cu *.Mask)
      (net 3 /SYNC))
    (pad 2 thru_hole circle (at 0 -2.54 180) (size 2 2) (drill 0.95) (layers *.Cu *.Mask)
      (net 9 VCC))
    (pad 1 thru_hole rect (at 0 0 180) (size 2 2) (drill 0.95) (layers *.Cu *.Mask)
      (net 1 GNDREF))
    (model ${KISYS3DMOD}/Connectors_Samtec.3dshapes/SL-108-X-XX_1x08.wrl
      (at (xyz 0 0 0))
      (scale (xyz 1 1 1))
      (rotate (xyz 0 0 0))
    )
  )

  (module Resistors_SMD:R_Array_Convex_4x1206 (layer B.Cu) (tedit 58E0A8BD) (tstamp 5B390C8D)
    (at 54 32.5 270)
    (descr "Chip Resistor Network, ROHM MNR34 (see mnr_g.pdf)")
    (tags "resistor array")
    (path /5B391680)
    (attr smd)
    (fp_text reference RN1 (at 0 3.5 270) (layer B.SilkS)
      (effects (font (size 1 1) (thickness 0.15)) (justify mirror))
    )
    (fp_text value CAY16-561J4LF (at 0 -3.5 270) (layer B.Fab)
      (effects (font (size 1 1) (thickness 0.15)) (justify mirror))
    )
    (fp_line (start 2.2 -2.85) (end -2.21 -2.85) (layer B.CrtYd) (width 0.05))
    (fp_line (start 2.2 -2.85) (end 2.2 2.85) (layer B.CrtYd) (width 0.05))
    (fp_line (start -2.21 2.85) (end -2.21 -2.85) (layer B.CrtYd) (width 0.05))
    (fp_line (start -2.21 2.85) (end 2.2 2.85) (layer B.CrtYd) (width 0.05))
    (fp_line (start 1.05 2.67) (end -1.05 2.67) (layer B.SilkS) (width 0.12))
    (fp_line (start 1.05 -2.67) (end -1.05 -2.67) (layer B.SilkS) (width 0.12))
    (fp_line (start 1.6 2.6) (end -1.6 2.6) (layer B.Fab) (width 0.1))
    (fp_line (start 1.6 -2.6) (end 1.6 2.6) (layer B.Fab) (width 0.1))
    (fp_line (start -1.6 -2.6) (end 1.6 -2.6) (layer B.Fab) (width 0.1))
    (fp_line (start -1.6 2.6) (end -1.6 -2.6) (layer B.Fab) (width 0.1))
    (fp_text user %R (at 0 0 180) (layer B.Fab)
      (effects (font (size 0.7 0.7) (thickness 0.105)) (justify mirror))
    )
    (pad 6 smd rect (at 1.5 -0.66 270) (size 0.9 0.9) (layers B.Cu B.Paste B.Mask)
      (net 10 /ROW29))
    (pad 5 smd rect (at 1.5 -2 270) (size 0.9 0.9) (layers B.Cu B.Paste B.Mask)
      (net 11 /ROW28))
    (pad 8 smd rect (at 1.5 2 270) (size 0.9 0.9) (layers B.Cu B.Paste B.Mask)
      (net 12 /ROW31))
    (pad 7 smd rect (at 1.5 0.66 270) (size 0.9 0.9) (layers B.Cu B.Paste B.Mask)
      (net 13 /ROW30))
    (pad 3 smd rect (at -1.5 -0.66 270) (size 0.9 0.9) (layers B.Cu B.Paste B.Mask)
      (net 14 /ROW29'))
    (pad 2 smd rect (at -1.5 0.66 270) (size 0.9 0.9) (layers B.Cu B.Paste B.Mask)
      (net 15 /ROW30'))
    (pad 4 smd rect (at -1.5 -2 270) (size 0.9 0.9) (layers B.Cu B.Paste B.Mask)
      (net 16 /ROW28'))
    (pad 1 smd rect (at -1.5 2 270) (size 0.9 0.9) (layers B.Cu B.Paste B.Mask)
      (net 17 /ROW31'))
    (model ${KISYS3DMOD}/Resistors_SMD.3dshapes/R_Array_Convex_4x1206.wrl
      (at (xyz 0 0 0))
      (scale (xyz 1 1 1))
      (rotate (xyz 0 0 0))
    )
  )

  (module Resistors_SMD:R_Array_Convex_4x1206 (layer B.Cu) (tedit 58E0A8BD) (tstamp 5B390CA4)
    (at 54 51.5 90)
    (descr "Chip Resistor Network, ROHM MNR34 (see mnr_g.pdf)")
    (tags "resistor array")
    (path /5B4C62AF)
    (attr smd)
    (fp_text reference RN2 (at 0 3.5 90) (layer B.SilkS)
      (effects (font (size 1 1) (thickness 0.15)) (justify mirror))
    )
    (fp_text value CAY16-561J4LF (at 0 -3.5 90) (layer B.Fab)
      (effects (font (size 1 1) (thickness 0.15)) (justify mirror))
    )
    (fp_text user %R (at 0 0) (layer B.Fab)
      (effects (font (size 0.7 0.7) (thickness 0.105)) (justify mirror))
    )
    (fp_line (start -1.6 2.6) (end -1.6 -2.6) (layer B.Fab) (width 0.1))
    (fp_line (start -1.6 -2.6) (end 1.6 -2.6) (layer B.Fab) (width 0.1))
    (fp_line (start 1.6 -2.6) (end 1.6 2.6) (layer B.Fab) (width 0.1))
    (fp_line (start 1.6 2.6) (end -1.6 2.6) (layer B.Fab) (width 0.1))
    (fp_line (start 1.05 -2.67) (end -1.05 -2.67) (layer B.SilkS) (width 0.12))
    (fp_line (start 1.05 2.67) (end -1.05 2.67) (layer B.SilkS) (width 0.12))
    (fp_line (start -2.21 2.85) (end 2.2 2.85) (layer B.CrtYd) (width 0.05))
    (fp_line (start -2.21 2.85) (end -2.21 -2.85) (layer B.CrtYd) (width 0.05))
    (fp_line (start 2.2 -2.85) (end 2.2 2.85) (layer B.CrtYd) (width 0.05))
    (fp_line (start 2.2 -2.85) (end -2.21 -2.85) (layer B.CrtYd) (width 0.05))
    (pad 1 smd rect (at -1.5 2 90) (size 0.9 0.9) (layers B.Cu B.Paste B.Mask)
      (net 18 /ROW27'))
    (pad 4 smd rect (at -1.5 -2 90) (size 0.9 0.9) (layers B.Cu B.Paste B.Mask)
      (net 19 /ROW24'))
    (pad 2 smd rect (at -1.5 0.66 90) (size 0.9 0.9) (layers B.Cu B.Paste B.Mask)
      (net 20 /ROW26'))
    (pad 3 smd rect (at -1.5 -0.66 90) (size 0.9 0.9) (layers B.Cu B.Paste B.Mask)
      (net 21 /ROW25'))
    (pad 7 smd rect (at 1.5 0.66 90) (size 0.9 0.9) (layers B.Cu B.Paste B.Mask)
      (net 22 /ROW26))
    (pad 8 smd rect (at 1.5 2 90) (size 0.9 0.9) (layers B.Cu B.Paste B.Mask)
      (net 23 /ROW27))
    (pad 5 smd rect (at 1.5 -2 90) (size 0.9 0.9) (layers B.Cu B.Paste B.Mask)
      (net 24 /ROW24))
    (pad 6 smd rect (at 1.5 -0.66 90) (size 0.9 0.9) (layers B.Cu B.Paste B.Mask)
      (net 25 /ROW25))
    (model ${KISYS3DMOD}/Resistors_SMD.3dshapes/R_Array_Convex_4x1206.wrl
      (at (xyz 0 0 0))
      (scale (xyz 1 1 1))
      (rotate (xyz 0 0 0))
    )
  )

  (module Resistors_SMD:R_Array_Convex_4x1206 (layer B.Cu) (tedit 58E0A8BD) (tstamp 5B390CBB)
    (at 54 70.5 270)
    (descr "Chip Resistor Network, ROHM MNR34 (see mnr_g.pdf)")
    (tags "resistor array")
    (path /5B4CFB3D)
    (attr smd)
    (fp_text reference RN3 (at 0 3.5 270) (layer B.SilkS)
      (effects (font (size 1 1) (thickness 0.15)) (justify mirror))
    )
    (fp_text value CAY16-561J4LF (at 0 -3.5 270) (layer B.Fab)
      (effects (font (size 1 1) (thickness 0.15)) (justify mirror))
    )
    (fp_line (start 2.2 -2.85) (end -2.21 -2.85) (layer B.CrtYd) (width 0.05))
    (fp_line (start 2.2 -2.85) (end 2.2 2.85) (layer B.CrtYd) (width 0.05))
    (fp_line (start -2.21 2.85) (end -2.21 -2.85) (layer B.CrtYd) (width 0.05))
    (fp_line (start -2.21 2.85) (end 2.2 2.85) (layer B.CrtYd) (width 0.05))
    (fp_line (start 1.05 2.67) (end -1.05 2.67) (layer B.SilkS) (width 0.12))
    (fp_line (start 1.05 -2.67) (end -1.05 -2.67) (layer B.SilkS) (width 0.12))
    (fp_line (start 1.6 2.6) (end -1.6 2.6) (layer B.Fab) (width 0.1))
    (fp_line (start 1.6 -2.6) (end 1.6 2.6) (layer B.Fab) (width 0.1))
    (fp_line (start -1.6 -2.6) (end 1.6 -2.6) (layer B.Fab) (width 0.1))
    (fp_line (start -1.6 2.6) (end -1.6 -2.6) (layer B.Fab) (width 0.1))
    (fp_text user %R (at 0 0 180) (layer B.Fab)
      (effects (font (size 0.7 0.7) (thickness 0.105)) (justify mirror))
    )
    (pad 6 smd rect (at 1.5 -0.66 270) (size 0.9 0.9) (layers B.Cu B.Paste B.Mask)
      (net 26 /ROW21))
    (pad 5 smd rect (at 1.5 -2 270) (size 0.9 0.9) (layers B.Cu B.Paste B.Mask)
      (net 27 /ROW20))
    (pad 8 smd rect (at 1.5 2 270) (size 0.9 0.9) (layers B.Cu B.Paste B.Mask)
      (net 28 /ROW23))
    (pad 7 smd rect (at 1.5 0.66 270) (size 0.9 0.9) (layers B.Cu B.Paste B.Mask)
      (net 29 /ROW22))
    (pad 3 smd rect (at -1.5 -0.66 270) (size 0.9 0.9) (layers B.Cu B.Paste B.Mask)
      (net 30 /ROW21'))
    (pad 2 smd rect (at -1.5 0.66 270) (size 0.9 0.9) (layers B.Cu B.Paste B.Mask)
      (net 31 /ROW22'))
    (pad 4 smd rect (at -1.5 -2 270) (size 0.9 0.9) (layers B.Cu B.Paste B.Mask)
      (net 32 /ROW20'))
    (pad 1 smd rect (at -1.5 2 270) (size 0.9 0.9) (layers B.Cu B.Paste B.Mask)
      (net 33 /ROW23'))
    (model ${KISYS3DMOD}/Resistors_SMD.3dshapes/R_Array_Convex_4x1206.wrl
      (at (xyz 0 0 0))
      (scale (xyz 1 1 1))
      (rotate (xyz 0 0 0))
    )
  )

  (module Resistors_SMD:R_Array_Convex_4x1206 (layer B.Cu) (tedit 58E0A8BD) (tstamp 5B390CD2)
    (at 54 89.5 90)
    (descr "Chip Resistor Network, ROHM MNR34 (see mnr_g.pdf)")
    (tags "resistor array")
    (path /5B4CFB45)
    (attr smd)
    (fp_text reference RN4 (at 0 3.5 90) (layer B.SilkS)
      (effects (font (size 1 1) (thickness 0.15)) (justify mirror))
    )
    (fp_text value CAY16-561J4LF (at 0 -3.5 90) (layer B.Fab)
      (effects (font (size 1 1) (thickness 0.15)) (justify mirror))
    )
    (fp_text user %R (at 0 0) (layer B.Fab)
      (effects (font (size 0.7 0.7) (thickness 0.105)) (justify mirror))
    )
    (fp_line (start -1.6 2.6) (end -1.6 -2.6) (layer B.Fab) (width 0.1))
    (fp_line (start -1.6 -2.6) (end 1.6 -2.6) (layer B.Fab) (width 0.1))
    (fp_line (start 1.6 -2.6) (end 1.6 2.6) (layer B.Fab) (width 0.1))
    (fp_line (start 1.6 2.6) (end -1.6 2.6) (layer B.Fab) (width 0.1))
    (fp_line (start 1.05 -2.67) (end -1.05 -2.67) (layer B.SilkS) (width 0.12))
    (fp_line (start 1.05 2.67) (end -1.05 2.67) (layer B.SilkS) (width 0.12))
    (fp_line (start -2.21 2.85) (end 2.2 2.85) (layer B.CrtYd) (width 0.05))
    (fp_line (start -2.21 2.85) (end -2.21 -2.85) (layer B.CrtYd) (width 0.05))
    (fp_line (start 2.2 -2.85) (end 2.2 2.85) (layer B.CrtYd) (width 0.05))
    (fp_line (start 2.2 -2.85) (end -2.21 -2.85) (layer B.CrtYd) (width 0.05))
    (pad 1 smd rect (at -1.5 2 90) (size 0.9 0.9) (layers B.Cu B.Paste B.Mask)
      (net 34 /ROW19'))
    (pad 4 smd rect (at -1.5 -2 90) (size 0.9 0.9) (layers B.Cu B.Paste B.Mask)
      (net 35 /ROW16'))
    (pad 2 smd rect (at -1.5 0.66 90) (size 0.9 0.9) (layers B.Cu B.Paste B.Mask)
      (net 36 /ROW18'))
    (pad 3 smd rect (at -1.5 -0.66 90) (size 0.9 0.9) (layers B.Cu B.Paste B.Mask)
      (net 37 /ROW17'))
    (pad 7 smd rect (at 1.5 0.66 90) (size 0.9 0.9) (layers B.Cu B.Paste B.Mask)
      (net 38 /ROW18))
    (pad 8 smd rect (at 1.5 2 90) (size 0.9 0.9) (layers B.Cu B.Paste B.Mask)
      (net 39 /ROW19))
    (pad 5 smd rect (at 1.5 -2 90) (size 0.9 0.9) (layers B.Cu B.Paste B.Mask)
      (net 40 /ROW16))
    (pad 6 smd rect (at 1.5 -0.66 90) (size 0.9 0.9) (layers B.Cu B.Paste B.Mask)
      (net 41 /ROW17))
    (model ${KISYS3DMOD}/Resistors_SMD.3dshapes/R_Array_Convex_4x1206.wrl
      (at (xyz 0 0 0))
      (scale (xyz 1 1 1))
      (rotate (xyz 0 0 0))
    )
  )

  (module Resistors_SMD:R_Array_Convex_4x1206 (layer B.Cu) (tedit 58E0A8BD) (tstamp 5B390CE9)
    (at 54 108.5 270)
    (descr "Chip Resistor Network, ROHM MNR34 (see mnr_g.pdf)")
    (tags "resistor array")
    (path /5B4D9183)
    (attr smd)
    (fp_text reference RN5 (at 0 3.5 270) (layer B.SilkS)
      (effects (font (size 1 1) (thickness 0.15)) (justify mirror))
    )
    (fp_text value CAY16-561J4LF (at 0 -3.5 270) (layer B.Fab)
      (effects (font (size 1 1) (thickness 0.15)) (justify mirror))
    )
    (fp_line (start 2.2 -2.85) (end -2.21 -2.85) (layer B.CrtYd) (width 0.05))
    (fp_line (start 2.2 -2.85) (end 2.2 2.85) (layer B.CrtYd) (width 0.05))
    (fp_line (start -2.21 2.85) (end -2.21 -2.85) (layer B.CrtYd) (width 0.05))
    (fp_line (start -2.21 2.85) (end 2.2 2.85) (layer B.CrtYd) (width 0.05))
    (fp_line (start 1.05 2.67) (end -1.05 2.67) (layer B.SilkS) (width 0.12))
    (fp_line (start 1.05 -2.67) (end -1.05 -2.67) (layer B.SilkS) (width 0.12))
    (fp_line (start 1.6 2.6) (end -1.6 2.6) (layer B.Fab) (width 0.1))
    (fp_line (start 1.6 -2.6) (end 1.6 2.6) (layer B.Fab) (width 0.1))
    (fp_line (start -1.6 -2.6) (end 1.6 -2.6) (layer B.Fab) (width 0.1))
    (fp_line (start -1.6 2.6) (end -1.6 -2.6) (layer B.Fab) (width 0.1))
    (fp_text user %R (at 0 0 180) (layer B.Fab)
      (effects (font (size 0.7 0.7) (thickness 0.105)) (justify mirror))
    )
    (pad 6 smd rect (at 1.5 -0.66 270) (size 0.9 0.9) (layers B.Cu B.Paste B.Mask)
      (net 42 /ROW13))
    (pad 5 smd rect (at 1.5 -2 270) (size 0.9 0.9) (layers B.Cu B.Paste B.Mask)
      (net 43 /ROW12))
    (pad 8 smd rect (at 1.5 2 270) (size 0.9 0.9) (layers B.Cu B.Paste B.Mask)
      (net 44 /ROW15))
    (pad 7 smd rect (at 1.5 0.66 270) (size 0.9 0.9) (layers B.Cu B.Paste B.Mask)
      (net 45 /ROW14))
    (pad 3 smd rect (at -1.5 -0.66 270) (size 0.9 0.9) (layers B.Cu B.Paste B.Mask)
      (net 46 /ROW13'))
    (pad 2 smd rect (at -1.5 0.66 270) (size 0.9 0.9) (layers B.Cu B.Paste B.Mask)
      (net 47 /ROW14'))
    (pad 4 smd rect (at -1.5 -2 270) (size 0.9 0.9) (layers B.Cu B.Paste B.Mask)
      (net 48 /ROW12'))
    (pad 1 smd rect (at -1.5 2 270) (size 0.9 0.9) (layers B.Cu B.Paste B.Mask)
      (net 49 /ROW15'))
    (model ${KISYS3DMOD}/Resistors_SMD.3dshapes/R_Array_Convex_4x1206.wrl
      (at (xyz 0 0 0))
      (scale (xyz 1 1 1))
      (rotate (xyz 0 0 0))
    )
  )

  (module Resistors_SMD:R_Array_Convex_4x1206 (layer B.Cu) (tedit 58E0A8BD) (tstamp 5B390D00)
    (at 54 127.5 90)
    (descr "Chip Resistor Network, ROHM MNR34 (see mnr_g.pdf)")
    (tags "resistor array")
    (path /5B4D918B)
    (attr smd)
    (fp_text reference RN6 (at 0 3.5 90) (layer B.SilkS)
      (effects (font (size 1 1) (thickness 0.15)) (justify mirror))
    )
    (fp_text value CAY16-561J4LF (at 0 -3.5 90) (layer B.Fab)
      (effects (font (size 1 1) (thickness 0.15)) (justify mirror))
    )
    (fp_text user %R (at 0 0) (layer B.Fab)
      (effects (font (size 0.7 0.7) (thickness 0.105)) (justify mirror))
    )
    (fp_line (start -1.6 2.6) (end -1.6 -2.6) (layer B.Fab) (width 0.1))
    (fp_line (start -1.6 -2.6) (end 1.6 -2.6) (layer B.Fab) (width 0.1))
    (fp_line (start 1.6 -2.6) (end 1.6 2.6) (layer B.Fab) (width 0.1))
    (fp_line (start 1.6 2.6) (end -1.6 2.6) (layer B.Fab) (width 0.1))
    (fp_line (start 1.05 -2.67) (end -1.05 -2.67) (layer B.SilkS) (width 0.12))
    (fp_line (start 1.05 2.67) (end -1.05 2.67) (layer B.SilkS) (width 0.12))
    (fp_line (start -2.21 2.85) (end 2.2 2.85) (layer B.CrtYd) (width 0.05))
    (fp_line (start -2.21 2.85) (end -2.21 -2.85) (layer B.CrtYd) (width 0.05))
    (fp_line (start 2.2 -2.85) (end 2.2 2.85) (layer B.CrtYd) (width 0.05))
    (fp_line (start 2.2 -2.85) (end -2.21 -2.85) (layer B.CrtYd) (width 0.05))
    (pad 1 smd rect (at -1.5 2 90) (size 0.9 0.9) (layers B.Cu B.Paste B.Mask)
      (net 50 /ROW11'))
    (pad 4 smd rect (at -1.5 -2 90) (size 0.9 0.9) (layers B.Cu B.Paste B.Mask)
      (net 51 /ROW8'))
    (pad 2 smd rect (at -1.5 0.66 90) (size 0.9 0.9) (layers B.Cu B.Paste B.Mask)
      (net 52 /ROW10'))
    (pad 3 smd rect (at -1.5 -0.66 90) (size 0.9 0.9) (layers B.Cu B.Paste B.Mask)
      (net 53 /ROW9'))
    (pad 7 smd rect (at 1.5 0.66 90) (size 0.9 0.9) (layers B.Cu B.Paste B.Mask)
      (net 54 /ROW10))
    (pad 8 smd rect (at 1.5 2 90) (size 0.9 0.9) (layers B.Cu B.Paste B.Mask)
      (net 55 /ROW11))
    (pad 5 smd rect (at 1.5 -2 90) (size 0.9 0.9) (layers B.Cu B.Paste B.Mask)
      (net 56 /ROW8))
    (pad 6 smd rect (at 1.5 -0.66 90) (size 0.9 0.9) (layers B.Cu B.Paste B.Mask)
      (net 57 /ROW9))
    (model ${KISYS3DMOD}/Resistors_SMD.3dshapes/R_Array_Convex_4x1206.wrl
      (at (xyz 0 0 0))
      (scale (xyz 1 1 1))
      (rotate (xyz 0 0 0))
    )
  )

  (module Resistors_SMD:R_Array_Convex_4x1206 (layer B.Cu) (tedit 58E0A8BD) (tstamp 5B390D17)
    (at 54 146.5 270)
    (descr "Chip Resistor Network, ROHM MNR34 (see mnr_g.pdf)")
    (tags "resistor array")
    (path /5B4E27D6)
    (attr smd)
    (fp_text reference RN7 (at 0 3.5 270) (layer B.SilkS)
      (effects (font (size 1 1) (thickness 0.15)) (justify mirror))
    )
    (fp_text value CAY16-561J4LF (at 0 -3.5 270) (layer B.Fab)
      (effects (font (size 1 1) (thickness 0.15)) (justify mirror))
    )
    (fp_line (start 2.2 -2.85) (end -2.21 -2.85) (layer B.CrtYd) (width 0.05))
    (fp_line (start 2.2 -2.85) (end 2.2 2.85) (layer B.CrtYd) (width 0.05))
    (fp_line (start -2.21 2.85) (end -2.21 -2.85) (layer B.CrtYd) (width 0.05))
    (fp_line (start -2.21 2.85) (end 2.2 2.85) (layer B.CrtYd) (width 0.05))
    (fp_line (start 1.05 2.67) (end -1.05 2.67) (layer B.SilkS) (width 0.12))
    (fp_line (start 1.05 -2.67) (end -1.05 -2.67) (layer B.SilkS) (width 0.12))
    (fp_line (start 1.6 2.6) (end -1.6 2.6) (layer B.Fab) (width 0.1))
    (fp_line (start 1.6 -2.6) (end 1.6 2.6) (layer B.Fab) (width 0.1))
    (fp_line (start -1.6 -2.6) (end 1.6 -2.6) (layer B.Fab) (width 0.1))
    (fp_line (start -1.6 2.6) (end -1.6 -2.6) (layer B.Fab) (width 0.1))
    (fp_text user %R (at 0 0 180) (layer B.Fab)
      (effects (font (size 0.7 0.7) (thickness 0.105)) (justify mirror))
    )
    (pad 6 smd rect (at 1.5 -0.66 270) (size 0.9 0.9) (layers B.Cu B.Paste B.Mask)
      (net 58 /ROW5))
    (pad 5 smd rect (at 1.5 -2 270) (size 0.9 0.9) (layers B.Cu B.Paste B.Mask)
      (net 59 /ROW4))
    (pad 8 smd rect (at 1.5 2 270) (size 0.9 0.9) (layers B.Cu B.Paste B.Mask)
      (net 60 /ROW7))
    (pad 7 smd rect (at 1.5 0.66 270) (size 0.9 0.9) (layers B.Cu B.Paste B.Mask)
      (net 61 /ROW6))
    (pad 3 smd rect (at -1.5 -0.66 270) (size 0.9 0.9) (layers B.Cu B.Paste B.Mask)
      (net 62 /ROW5'))
    (pad 2 smd rect (at -1.5 0.66 270) (size 0.9 0.9) (layers B.Cu B.Paste B.Mask)
      (net 63 /ROW6'))
    (pad 4 smd rect (at -1.5 -2 270) (size 0.9 0.9) (layers B.Cu B.Paste B.Mask)
      (net 64 /ROW4'))
    (pad 1 smd rect (at -1.5 2 270) (size 0.9 0.9) (layers B.Cu B.Paste B.Mask)
      (net 65 /ROW7'))
    (model ${KISYS3DMOD}/Resistors_SMD.3dshapes/R_Array_Convex_4x1206.wrl
      (at (xyz 0 0 0))
      (scale (xyz 1 1 1))
      (rotate (xyz 0 0 0))
    )
  )

  (module Resistors_SMD:R_Array_Convex_4x1206 (layer B.Cu) (tedit 58E0A8BD) (tstamp 5B390D2E)
    (at 54 165.5 90)
    (descr "Chip Resistor Network, ROHM MNR34 (see mnr_g.pdf)")
    (tags "resistor array")
    (path /5B4E27DE)
    (attr smd)
    (fp_text reference RN8 (at 0 3.5 90) (layer B.SilkS)
      (effects (font (size 1 1) (thickness 0.15)) (justify mirror))
    )
    (fp_text value CAY16-561J4LF (at 0 -3.5 90) (layer B.Fab)
      (effects (font (size 1 1) (thickness 0.15)) (justify mirror))
    )
    (fp_text user %R (at 0 0) (layer B.Fab)
      (effects (font (size 0.7 0.7) (thickness 0.105)) (justify mirror))
    )
    (fp_line (start -1.6 2.6) (end -1.6 -2.6) (layer B.Fab) (width 0.1))
    (fp_line (start -1.6 -2.6) (end 1.6 -2.6) (layer B.Fab) (width 0.1))
    (fp_line (start 1.6 -2.6) (end 1.6 2.6) (layer B.Fab) (width 0.1))
    (fp_line (start 1.6 2.6) (end -1.6 2.6) (layer B.Fab) (width 0.1))
    (fp_line (start 1.05 -2.67) (end -1.05 -2.67) (layer B.SilkS) (width 0.12))
    (fp_line (start 1.05 2.67) (end -1.05 2.67) (layer B.SilkS) (width 0.12))
    (fp_line (start -2.21 2.85) (end 2.2 2.85) (layer B.CrtYd) (width 0.05))
    (fp_line (start -2.21 2.85) (end -2.21 -2.85) (layer B.CrtYd) (width 0.05))
    (fp_line (start 2.2 -2.85) (end 2.2 2.85) (layer B.CrtYd) (width 0.05))
    (fp_line (start 2.2 -2.85) (end -2.21 -2.85) (layer B.CrtYd) (width 0.05))
    (pad 1 smd rect (at -1.5 2 90) (size 0.9 0.9) (layers B.Cu B.Paste B.Mask)
      (net 66 /ROW3'))
    (pad 4 smd rect (at -1.5 -2 90) (size 0.9 0.9) (layers B.Cu B.Paste B.Mask)
      (net 67 /ROW0'))
    (pad 2 smd rect (at -1.5 0.66 90) (size 0.9 0.9) (layers B.Cu B.Paste B.Mask)
      (net 68 /ROW2'))
    (pad 3 smd rect (at -1.5 -0.66 90) (size 0.9 0.9) (layers B.Cu B.Paste B.Mask)
      (net 69 /ROW1'))
    (pad 7 smd rect (at 1.5 0.66 90) (size 0.9 0.9) (layers B.Cu B.Paste B.Mask)
      (net 70 /ROW2))
    (pad 8 smd rect (at 1.5 2 90) (size 0.9 0.9) (layers B.Cu B.Paste B.Mask)
      (net 71 /ROW3))
    (pad 5 smd rect (at 1.5 -2 90) (size 0.9 0.9) (layers B.Cu B.Paste B.Mask)
      (net 72 /ROW0))
    (pad 6 smd rect (at 1.5 -0.66 90) (size 0.9 0.9) (layers B.Cu B.Paste B.Mask)
      (net 73 /ROW1))
    (model ${KISYS3DMOD}/Resistors_SMD.3dshapes/R_Array_Convex_4x1206.wrl
      (at (xyz 0 0 0))
      (scale (xyz 1 1 1))
      (rotate (xyz 0 0 0))
    )
  )

